Provinsi,TH. 2020,TH. 2021,TH. 2022,TH. 2020_1,TH. 2021_2,TH. 2022_3
ACEH,31633.38,34680.92,39156.01,25018.28,25357.7,26063.5
SUMATERA UTARA,54979.04,57574.03,63194.18,36175.16,36666.2,37943.83
SUMATERA BARAT,43825.66,45356.77,50593.41,30696.21,31360.79,32377.51
RIAU,114166.9,129205.64,149914.13,76884.74,77995.51,80057.79
JAMBI,57957.73,64729.82,76096.4,41926.04,42906.66,44536.39
SUMATERA SELATAN,53842.74,57731.33,68338.1,37323.24,38172.97,39676.95
BENGKULU,36552.5,39156.38,43741.71,23105.92,23539.17,24230.02
LAMPUNG,39290.33,40872.87,45129.34,26746.64,27193.59,28064.39
KEP. BANGKA BELITUNG,52023.4,58351.43,63752.24,36307.61,37585.5,38674.15
KEP. RIAU,123464.79,130118.86,141682.65,85012.58,85425.89,87238.26
DKI JAKARTA,262615.17,274519.39,298359.97,170089.02,174941.72,182908.69
JAWA BARAT,43236.51,45193.76,49038.41,30180.54,30907.59,32182.15
JAWA TENGAH,36964.78,38646.98,42149.54,26483.68,27144.18,28362.24
DI YOGYAKARTA,37693.64,40240.4,44044.64,27754.47,28918.82,30011.22
JAWA TIMUR,56640.82,60048.66,66364.73,39686.19,40821.89,42717.44
BANTEN,52729.4,55207.8,60990.14,37165.16,38217.8,39515.38
BALI,52015.45,50534.2,55544.66,34216.52,32975.85,34160.65
NUSA TENGGARA BARAT,25183.56,25995.55,28672.54,17583.11,17706.47,18648.19
NUSA TENGGARA TIMUR,20056.99,20580.34,21718.26,12960.95,13092.81,13298.85
KALIMANTAN BARAT,39622.24,42282.9,46161.33,24953.61,25811.97,26774.75
KALIMANTAN TENGAH,57145.08,62784.47,72945.07,37148.73,37925.62,39799.98
KALIMANTAN SELATAN,44100.79,47998.87,60079.32,32212.3,32849.02,34035.52
KALIMANTAN TIMUR,161798.85,182915.31,238700.72,125764.53,127208.24,131136.62
KALIMANTAN UTARA,143533.29,155080.62,190611.1,86823.59,88510.41,91424.16
SULAWESI UTARA,50521.13,54048.87,59043.36,33670.44,34787.33,36385.08
SULAWESI TENGAH,66306.27,81845.9,105545.36,45052.32,49587.96,56285.05
SULAWESI SELATAN,55675.03,59649.96,65593.03,36246.26,37572.54,39115.98
SULAWESI TENGGARA,49718.15,52446.58,58764.27,35708.6,36581.67,37998.09
GORONTALO,35693.26,37170.55,39886.78,24313.38,24649.73,25392.4
SULAWESI BARAT,32836.75,35192.12,37070.31,22666.22,22896.2,23073.25
MALUKU,25094.36,26114.91,28533.85,16688.12,17020.46,17708.13
MALUKU UTARA,33069.32,40395.81,53741.05,21915.03,25199.92,30506.5
PAPUA BARAT,73932.6,73543.81,77149.68,54487.7,52980.01,52833.61
PAPUA,46416.36,54067.06,59411.79,32108.51,36431.25,39131.31
